cc 00
tid  ar ds id
---- -- -- --.--.-- --------
---- -- -- --.--.-- --------
---- -- -- --.--.-- --------
---- -- -- --.--.-- --------
---- -- -- --.--.-- --------
mw 00
tid  ar ds id
---- -- -- --.--.-- --------
tid  v o cnd  dnd  c  a
0000 1 0 0221 0221 13 14
0020 1 1 0000 0000 00 01
0025 1 0 0100 0100 01 02
0030 1 0 0105 0105 02 03
0035 0 0 0000 0100 07 08
0036 0 0 0000 0100 06 07
0038 1 0 0100 0100 04 05
0041 1 0 0100 0100 00 01
0045 1 0 0100 0100 00 01
0046 1 0 0100 0100 00 01
0047 1 0 0100 0100 49 40
0055 1 0 0100 0100 15 09
0080 1 0 0000 0100 06 01
0083 1 0 0000 0100 02 03
0085 1 0 0000 0100 03 04
0087 0 0 0000 0000 00 00
00f1 0 0 0000 0000 00 00
00f2 0 0 0000 0000 00 00
00f3 0 0 0000 0000 00 00
00f4 0 0 0000 0000 00 00
00f5 0 0 0000 0000 00 00
00f6 0 0 0000 0000 00 00
00f7 0 0 0000 0000 00 00
00f8 0 0 0000 0000 00 00
00f9 0 0 0000 0000 00 00
1000 1 0 0100 0100 24 21
1100 0 0 0000 0000 00 00
1200 1 0 1000 1000 00 01
0170 0 0 0000 -001 00 01
0180 0 0 0000 0000 00 00
0190 0 0 0000 0000 00 00
01a0 0 0 0000 0000 00 00
01b0 0 0 0000 0000 00 00
01c0 0 0 0000 0000 00 00
01d0 0 0 0000 0000 00 00
01e0 0 0 0000 0000 00 00
0200 0 0 0000 0000 00 00
2020 0 0 0000 0000 00 00
2021 0 0 0000 0000 00 00
2022 0 0 0000 0000 00 00
2030 0 0 0000 0000 00 00
2031 0 0 0000 0000 00 00
2032 0 0 0000 0000 00 00
2033 0 0 0000 0000 00 00
2040 0 0 0000 0000 00 00
2050 0 0 0000 0000 00 00
2060 0 0 0000 0000 00 00
2061 0 0 0000 0000 00 00
2062 0 0 0000 0000 00 00
2070 0 0 0000 0000 00 00
2071 0 0 0000 0000 00 00
2072 0 0 0000 0000 00 00
2073 0 0 0000 0000 00 00
2080 0 0 0000 0000 00 00
0210 0 0 0000 0000 00 00
0300 1 0 0000 0100 00 01
0310 0 0 0000 0000 00 00
0320 0 0 0000 -001 00 01
0400 0 0 0000 0000 00 00
0500 0 0 0000 0000 00 00
4000 0 0 0000 0000 00 00
4100 0 0 0000 0000 00 00
4200 0 0 0000 0000 00 00
4210 0 0 0000 0000 00 00
4220 0 0 0000 0000 00 00
4230 0 0 0000 0000 00 00
4240 0 0 0000 0000 00 00
4300 0 0 0000 0000 00 00
4310 0 0 0000 0000 00 00
5000 0 0 0000 0000 00 00
5300 0 0 0000 0000 00 00
ff00 0 0 0000 0000 00 00
ff10 0 0 0000 0000 00 00
ff20 0 0 0000 0000 00 00
{